14
5
7
5
5
5
5
5
0
5
5
3
5
3
5
3
5
5
5
5
0
3
0
5
690
1
5
5
2
1
5
5
5
5
5
5
3
5
3
5
3
5
5
5
0
3
2080374300
5
1416949863
5
5
5
2
5
5
5
2
5
5
1
5
5
5
0
5
0
5
5
5
3
5
5
32767
5
5
5
5
0
5
0
2
5
5
5
0
5
5
7
5
0
5
5
3
5
5
5
1316093952
1
5
5
5
0
5
0
5
5
5
2
5
2
5
5
1
5
5
5
3
5
5
202
690
5
5
5
5
5
3
5
5
5
1
5
5
5
5
5
5
2
5
2
3
5
5
1316167832
2080374233
3
5
5
5
5
3
3
5
5
5
4
5
5
5
5
1
5
5
5
5
5
5
690
202
3
5
5
5
5
3
3
5
5
5
4
5
5
5
3
5
5
5
5
5
5
5
450636608
0
3
5
5
5
5
5
3
5
5
3
4
5
5
0
3
5
5
2
2
2
5
5
32758
690
5
1
5
5
5
0
5
5
5
3
4
5
5
5
3
5
5
5
2
5
5
5
450641229
5
0
5
0
5
32758
690
0
5
5
3
5
5
5
5
5
4
5
4
5
4
5
6
32758
5
8192
1416950488
450638736
1390252032
1416888320
128
0
5
256
5
6357084
5
16
5
0
5
1417032496
5
0
5
2080374304
5
1371803432
5