11010100111
11110111111011101
1010100111010100
1101111111111111111111010100101010101001
1010110011001101010011110101010101010111
1011111110010101100100000001011000001111001100
10000000011100011000110101010111011011110110110101100010100111111011010010000001111101001111100000101010100110100100001010001011111001010000101111100101100001111100100000111100101011000101011110100001
111101111011000011011101001110100010101110010000001011111100100000000000110010110010101011010
11001100111100010111111001100000011000111100100111101000100000101011001111010110001111010000000001011110101000101101111100001111100011001000000001111100111111110000110100010010110101011010011111111001
1110010000100110000000110111011110011100000000000101101101001110110110000010001011001111000001101100100001000101111010011011011101001110000101111111100110001011101000111111010000110
10101001111001101100111011111000101101001101110100100111101001001110110011110000010001100111010100010011110010101001100111010110001100100010000110101000101100001111000000110010010
111000101111011101111111101011001111100011100111110010100111010001011111110011101000001110010110001011111011011001011101111111000011001
10001101001011000011000101100000110100011100010110111000011101111000111111011101011111011100001101110111000101000100001110100000100101001101101110101011
1100111001010110010000001100101111101110110010001011110111101110111011110000100
10100000101101001000101111111000000110010111001110101110001111000101111010001111111101000010101100000001100010010001011010000000001100101101111110101010100010110111001001110110
1100001110111111010011101111100110100001101011011000011101100
101111111111101101000101001011100101010100101111110
11100010110000101000110111101101100110011110110100000011100100011101
1001010000110110111
1110010110000101100110011110011000000111010100011111010011101110110001110