    843884
    688436
    669659
    905130
    228844
    80780
    134445
    12017
    5953
    211374
    548084
    711139
    756888
    134987
    97468
    673020
    809046
    658860
    190559
    256041
    54970
    421633
    524705
    600552
    783483
    948850
    117440
    979925
    182496
    807474
    383781
    819975
    235538
    191914
    633999
    733066
    655883
    632696
    111385
    757835
    282418
    633581
    830988
    589829
    336641
    569071
    330500
    152106
    700298
    592845
    948187
    421334
    804006
    184968
    923565
    483866
    607459
    256091
    989000
    612817
    16086
    873589
    690698
    640228
    63024
    139301
    649202
    470053
    159834
    21127
    385678
    985416
    598518
    828456
    462353
    32173
    758143
    103732
    431055
    493268
    787639
    795956
    574626
    674893
    154292
    175774
    125787
    19639
    363455
    593922
    862893
    432597
    839250
    323798
    391171
    33224
    680974
    803339
    63114
    595176